Run semi-empirical minimization
 &qmmm
    qm_theory='AM1', grms_tol=0.0005,
 scfconv=1.d-10, ndiis_attempts=700,   qmcharge=0,
 /
  16    S1       -3.0370       -0.7450       -1.2570 
  16    S2       -2.2000       -1.7600        1.8060 
  16    S3        3.4190       -0.2820       -0.5260 
   6    C4       -1.4230       -0.6350       -0.5870 
   6    C5       -1.2370       -0.6940        0.8370 
   6    C6       -1.7130       -1.0320        3.3460 
   6    C7       -0.7490       -0.0850        3.0520 
   6    C8       -0.4880        0.1560        1.6950 
   6    C9        0.2990        1.2700        1.2480 
   6   C10        0.1060        2.5650        1.8120 
   6   C11        0.9910        3.5330        1.2880 
   6   C12        1.2050        1.2550        0.3130 
   6   C13        1.6630        0.0820       -0.4480 
   6   C14        3.1030       -1.6300       -1.6530 
   6   C15        1.7950       -1.6750       -1.9760 
   6   C16        0.9290       -0.6730       -1.3290 
   6   C17       -0.4720       -0.6220       -1.6310 
   6   C18       -1.0930       -0.8740       -2.9000 
   6   C19       -2.4810       -0.9190       -2.9040 
   1   H20       -2.0100       -1.4780        4.1310 
   1   H21       -0.4430        0.6900        3.8800 
   1   H22       -0.5660        2.8810        2.5780 
   1   H23        0.9680        4.6330        1.3890 
   1   H24        3.9580       -2.4060       -1.7980 
   1   H25        1.3800       -2.3730       -2.6710 
   1   H26       -0.6300       -0.9320       -3.9720 
   1   H27       -3.2480       -1.0620       -3.7530 
  16   S28        1.9740        2.8130        0.0320 

